794.8432,459.88623,43.71812
577.98804,437.44724,37.693306
467.28125,500.12738,45.09182
437.17535,495.20505,46.170124
419.7143,507.94232,43.189804
411.53217,509.6033,43.06187
399.70532,515.99695,40.89979
398.55975,526.9242,38.74293
400.85876,536.4413,37.877098
394.29102,543.4984,37.56225
378.16504,535.2175,38.031555
374.34473,534.855,38.023277
373.92978,534.2029,37.857853
372.60474,531.0535,37.424915
374.05603,528.56586,37.015602
375.42438,526.3041,36.967102
377.18018,524.2623,37.144173
379.49646,520.9748,36.89291
380.87933,515.9912,36.801258
381.46658,510.9591,36.886044
382.94702,506.5592,36.954346
384.15314,506.75443,37.130066
386.81616,503.563,37.471333
389.626,502.1709,37.1612
391.55347,499.19705,37.147446
392.32367,495.92822,37.178123
393.9533,494.9073,37.28597
398.74075,494.34692,37.474762
403.30252,493.87585,37.57684
407.68713,493.14252,37.57239
412.1303,491.22534,37.726818
415.09164,488.8783,37.95121
418.4131,485.20752,38.237823
421.323,481.0428,38.429756
423.7564,478.07715,38.665688
426.32745,475.30267,38.886845
428.4726,471.19458,39.26535
430.73358,466.29108,39.506813
437.60086,461.41898,39.800507
445.78503,456.3523,39.975456
451.8224,454.14948,40.00901
462.1698,459.61127,39.71478
563.56793,437.62708,29.328009
562.7802,433.6659,29.550344
559.19617,417.9593,29.56926
561.01886,404.8301,30.059946
568.77856,393.63025,30.18609
581.483,381.30505,30.438091
595.38257,370.5138,30.708464
605.3157,362.65118,31.09807
613.6793,355.47784,31.524378
621.0656,347.39508,32.22486
629.0343,338.65482,32.798153
633.61084,329.66263,33.91892
642.4976,321.22943,34.8626
651.4577,315.25006,35.74103
660.8063,311.06448,36.428143
668.1487,308.46796,37.069107
670.4424,307.50687,37.449677
671.86414,305.3181,38.33089
671.9982,304.0575,39.110954
673.24524,303.2218,39.772152
680.18414,307.1263,40.605762
690.81085,310.4708,40.65859
699.7465,313.14227,40.73787
711.0207,318.2702,40.826584
728.1335,321.53137,40.825794
737.30054,323.93304,40.611702
739.03845,328.14944,40.447243
739.62933,330.7615,40.496723
727.9385,339.6043,40.711784
719.9159,342.05054,41.379356
712.1813,348.34976,41.652756
702.775,356.622,41.839672
672.1132,368.03046,43.25062
629.9291,379.91473,48.76438
596.03406,419.12433,50.43023
587.7284,452.40915,50.354446
586.4025,458.28122,49.47641
590.16327,454.19687,48.07783
608.02136,444.5145,45.68366
604.5023,463.67975,45.7666
766.3636,428.71283,37.728783
804.29144,341.9576,56.877075
691.7069,432.38162,40.611668
910.8824,447.76718,31.637972
905.8677,419.74484,32.07991
859.2463,432.82956,31.730318
859.40564,427.3288,31.004154
864.7979,415.87592,31.951426
868.937,421.37552,32.631607
886.46967,422.81046,32.710136
905.9735,417.81046,33.50552
929.0891,422.22177,33.395096
967.56177,420.0203,31.854115
977.4584,397.86804,32.503845
1045.1821,410.4728,28.808933
978.4616,426.22418,31.956459
1007.5955,466.02484,28.23998
998.0659,467.7313,28.878727
999.16675,464.38828,29.18774
1031.15,475.1727,28.680866
1198.8328,466.84247,25.443638
1150.1108,470.54138,26.74696
1233.7666,435.70633,26.487782
1255.0216,478.51538,26.300615
1190.1309,385.75055,28.05513
1185.7994,392.55078,27.145805
1161.9465,395.94565,25.468592
1136.373,392.0369,25.0214
1118.2972,384.83716,24.821415
1109.3516,380.02493,25.143818
1103.9857,371.49213,26.26182
1103.4265,375.22073,27.168028
1118.4248,391.53058,27.92816
1122.5743,396.24524,28.934177
1125.5194,399.3037,29.884617
1127.3796,399.81903,30.335222
1114.7231,399.93347,31.343866
1091.034,393.36032,32.325363
1028.6718,395.3826,33.67708
1021.1084,395.54962,38.694057
988.68396,382.29684,39.23724
952.952,369.40802,41.990448
907.4196,336.4247,43.496105
868.37427,329.43857,45.4777
890.40454,343.17126,47.7681
875.45074,283.08417,50.019947
882.5926,269.2143,52.171448
852.37915,265.42416,52.599293
814.3192,272.4926,51.48448
772.8011,284.8576,50.90764
751.8147,284.25284,49.36164
757.64526,287.58456,51.651188
776.47766,291.6266,52.816376
815.9883,291.121,52.559967
862.6348,274.8551,59.133217
902.78937,269.8367,61.622734
913.2506,275.09198,64.40575
932.1565,311.2298,67.779106
896.8821,312.05618,72.71362
894.1294,296.9895,72.12952
863.2965,245.67798,75.65528
956.5041,242.18567,76.30434
853.9966,241.26523,71.32817
925.5006,321.87808,62.844666
923.5295,348.68622,59.327724
1068.7502,394.47876,76.69986
854.55945,436.76416,65.08388
852.4985,436.0342,54.880836
813.2927,430.0125,45.544968
777.8096,431.34973,39.717113
775.90424,435.11853,37.957985
861.44434,447.90436,39.67141
872.2344,440.69885,39.58275
895.24384,404.62,37.49731
896.3712,385.03668,36.05232
916.06433,362.80444,36.38785
928.52893,344.42807,36.72163
956.75037,329.24902,35.897877
994.0155,315.02332,33.93927
1002.7168,314.58313,34.22647
984.1284,324.29187,36.083267
971.38416,326.43225,38.04232
966.5044,330.3481,38.108994
1009.1994,334.0295,37.86684
1022.48755,333.34833,38.361893
1027.58,332.6994,38.907204
1042.6365,332.83374,40.02632
1050.3987,342.99707,40.164467
1038.7251,329.79333,40.511856
1039.1592,321.63364,40.823055
1042.5103,313.37927,41.17112
1048.23,323.3288,39.707542
1059.7849,336.89682,38.424644
1074.5676,347.77594,37.781002
1084.4302,361.56705,37.596527
1087.7399,368.53955,37.64723
1082.1764,376.3637,38.52037
1082.8949,380.98392,39.184326
1085.8944,379.93704,39.78649
1088.0979,380.18637,40.333855
1093.1699,378.61108,40.99405
1089.3717,381.05566,40.62728
1044.7096,382.4019,40.10436
1010.48175,382.9845,39.40773
991.35266,388.40717,38.10097
985.1407,400.30807,35.78066
981.9179,414.0131,33.733955
983.898,420.2779,32.428078
980.95593,432.63614,32.119537
964.8013,443.02435,32.308628
960.0696,459.2685,32.055145
986.0965,472.8994,29.536667
1007.2472,472.05347,27.859962
1011.15796,468.18988,27.229301
1015.1822,465.77924,26.962845
1042.4639,465.31714,26.38667
1046.635,468.11884,25.536533
1047.2793,472.5064,24.943933
1022.8639,472.03052,24.719303
1020.5829,445.81134,24.475801
981.2197,429.46738,26.135727
997.3906,420.49005,26.450539
1063.6924,409.3266,26.789583
1171.9934,400.08264,25.44588
1193.8645,450.66937,24.13846
1156.9609,486.57877,23.227383
1137.3455,494.2168,21.829546
1122.3428,486.16174,20.544355
1109.9711,481.42587,20.499584
1078.8124,471.61615,20.432213
1037.2261,450.58838,20.143452
1025.1721,446.8124,20.475906
1013.1326,437.99225,21.529951
992.5574,422.51254,22.940952
978.4881,407.42883,23.408815
957.8434,394.55682,25.926
929.4134,383.57974,29.043941
890.2137,385.73132,34.187775
880.3821,385.50876,38.955795
875.82935,392.32733,40.839993
881.3618,398.61163,40.94254
889.52686,399.57828,41.136078
901.16565,392.53134,44.09309
908.03735,379.25024,44.74814
912.7946,373.44165,44.695568
924.011,371.9451,44.510395
937.59875,375.69495,42.325123
1183.4316,346.54016,50.382652
1153.7183,296.4496,48.050697
1169.0212,298.91006,46.881588
1177.6016,304.06033,46.555557
1189.8845,308.67682,47.77673
1201.3807,311.11993,48.441666
1210.3651,317.0045,48.23493
1206.6653,323.80627,47.879753
1201.5115,326.38107,48.149822
1190.2825,327.8055,49.013695
1178.6194,324.64883,49.586323
1165.3125,316.82138,50.074512
1144.0237,302.33847,52.0046
1136.0608,298.6537,50.961487
1115.4901,294.6916,49.399734
1103.6924,299.42712,48.395626
1068.1063,355.98563,45.476036
1034.561,391.5162,45.707375
976.63434,398.93,44.70407
1040.7593,382.36575,47.31904
1051.5131,368.24487,45.609207
1045.7017,355.93402,41.372597
1038.5533,330.76157,37.1884
1030.7373,270.70844,42.853664
1004.4802,255.8403,45.058685
979.66516,255.6755,37.91757
956.4867,277.25952,31.796528
977.7078,277.94067,30.173542
983.6133,261.05414,28.507156
997.2803,259.75558,24.147554
1047.1838,267.30774,22.661266
1112.8267,237.35721,22.974506
1204.4596,230.7247,24.255657
1269.7921,229.1651,25.575924
1296.6125,237.83951,23.036718
1275.2539,267.07468,23.95035
1241.5604,290.2696,26.895403
1136.7195,329.28464,25.338978
1088.2217,339.0157,28.039513
1051.4915,332.88217,33.312817
1094.891,322.69177,36.505535
1119.4701,332.1288,36.874374
1099.2313,353.75964,35.948235
1092.1858,360.1936,38.66417
1066.0549,363.24066,38.70419
1066.3798,379.60968,38.288445
1058.6136,385.96103,38.70134
1053.8135,394.45706,39.385353
1044.9442,404.75204,39.79723
1034.8257,406.2924,39.73727
1026.4746,403.4509,40.40534
1016.35095,401.55692,40.901634
1010.2761,399.337,40.744846
1010.6626,397.4321,40.422264
1027.916,384.96985,38.208485
1035.8379,369.6897,36.326912
1053.1368,370.38724,36.11009
1069.3634,377.0012,36.106617
1078.9716,380.25974,35.84225
1083.5977,382.67227,35.39566
1082.0038,383.73334,34.693687
1077.4991,392.9002,34.490402
1069.377,400.2069,34.86773
1052.213,403.64792,35.232895
1028.221,403.11963,35.401062
1020.2986,404.14255,35.646126
992.875,407.2383,35.57088
980.12427,404.02277,34.84678
991.42847,398.54303,34.515022
1005.3484,408.6982,35.040054
996.37384,418.71167,36.031986
977.0748,424.72412,36.6104
969.6752,424.99622,36.462826
950.96875,424.51144,36.52395
928.373,421.3272,35.57421
899.6012,410.69284,32.94953
892.64136,406.29272,31.255611
907.11523,401.61386,29.163567
900.80194,393.57764,25.93811
879.8473,385.7564,23.151266
866.9967,389.54486,21.3119
865.90753,405.5297,19.75224
865.53094,411.55222,18.8488
862.24677,412.7356,18.576612
855.7709,415.03018,18.143255
854.33875,416.34277,18.169916
854.92334,415.1453,18.533155
857.97614,413.7054,18.844736
862.4804,414.69583,18.962437
863.9388,415.6066,19.142536
863.3784,416.5772,18.643099
859.30664,415.68185,18.086273
852.3634,409.68173,17.535702
849.87537,407.70892,17.201672
849.78815,406.3111,16.88158
826.76624,407.42938,16.847252
804.04663,413.1323,17.879307
796.03015,416.1112,19.769726
793.0545,421.75504,22.097498
799.70404,432.54547,23.885647
795.959,431.52798,25.625624
787.56757,437.07608,25.783613
777.24664,442.67004,25.526468
750.78827,440.0099,25.063347
711.18604,433.90744,25.724762
687.583,429.6105,26.560665
676.0167,428.42822,26.977804
656.25433,429.3166,27.72332
652.7296,430.91553,28.127844
650.233,431.16122,28.463129
647.2365,432.74573,28.750158
642.14185,434.48032,29.401789
638.9369,435.7919,30.186075
645.28485,435.277,30.577173
659.66797,435.86923,30.537472
669.38965,439.30347,32.18934
682.9416,445.7443,32.24829
669.4373,450.03198,31.305176
664.6908,453.45355,30.911728
676.4545,458.10605,27.743294
678.09937,455.6093,27.108252
672.5672,449.87012,26.441952
661.91406,445.13458,26.434143
654.34344,446.01846,27.68519
673.41223,445.46854,28.625422
695.84344,444.334,29.303593
722.6022,432.99973,30.692408
757.59644,421.50735,32.160503
782.2549,405.66388,33.30894
789.5811,390.45935,33.2409
800.7669,374.6504,33.250237
845.8421,362.77127,32.6067
871.9863,358.47943,32.819363
926.88184,349.54834,32.655277
942.03235,350.23187,32.63385
965.3865,345.33887,33.459747
976.33527,337.28787,33.842957
971.82324,327.93527,34.29577
975.4509,327.115,34.586018
970.4512,325.37753,35.092133
971.4689,316.08984,36.84353
983.19366,302.1609,38.95289
980.0607,286.1608,41.098732
970.89575,274.86566,43.60318
966.63947,267.72687,45.959988
976.4431,268.74405,47.261845
982.4396,270.71982,47.809082
977.345,269.13947,48.5186
981.82275,267.4147,49.26735
996.41943,265.11087,50.226917
1017.2383,269.99704,51.23874
1029.9104,280.51895,51.774364
1045.0364,293.59442,51.623222
1050.1569,305.88544,50.614937
1041.8458,320.24173,48.884777
1033.1908,328.3295,46.471283
1031.4408,332.06427,45.01043
1028.0894,328.01416,43.56095
1020.24176,322.64944,42.497887
1015.447,326.43265,41.694645
1012.0011,333.67697,40.998238
1005.63574,340.83496,40.30413
1000.1536,350.27353,39.749943
1002.0191,358.57327,39.23365
1009.5337,361.124,38.82483
1014.22095,362.51996,38.42067
1014.0205,364.3489,38.124016
1013.20325,365.2311,38.0813
1011.9853,364.85284,38.155216
1011.691,364.6465,38.2109
1011.86487,367.26044,38.19456
1009.839,371.3446,38.161278
1006.0825,375.05585,38.082054
1003.334,377.29556,37.974113
1000.7949,379.17813,37.72008
997.7244,381.32193,37.3671
991.0467,384.16772,36.97488
989.75305,387.51123,36.456818
992.1615,389.88678,35.87534
998.4387,392.82278,35.230354
1002.6851,393.88525,34.908825
1010.48865,394.55176,34.256443
1015.1102,394.28003,33.486973
1012.8762,393.81464,32.796806
1007.5776,392.67184,32.269264
1004.7754,393.213,31.822153
1003.64465,395.0536,31.565914
1000.00073,397.66476,31.582363
984.38354,398.71954,31.542355
963.85187,395.59265,31.53959
935.9498,397.0947,31.722261
902.27155,399.02817,32.253235
888.5486,404.58148,32.717453
867.0207,416.57153,33.77683
852.27686,431.3075,35.06957
845.1609,439.497,36.17987
845.83014,441.31625,37.164238
852.8866,438.96094,37.820026
859.66797,430.41452,38.50428
867.85486,421.9039,39.13287
880.76514,412.75912,39.57983
886.7743,406.721,40.012
891.1488,406.81863,40.44837
898.87195,408.8614,41.07334
911.0484,409.80164,41.819084
918.54254,409.55316,42.231705
934.0662,407.9536,43.007523
943.7909,401.57388,43.92505
940.2865,394.6652,44.37183
932.53094,391.189,44.638863
928.1127,390.9086,44.929207
939.32556,393.14847,45.122543
967.3168,395.87598,45.827133
968.802,391.9569,45.363613
974.90796,379.53033,45.175846
994.8634,356.32257,44.02453
1009.0398,340.912,42.33637
1013.9569,338.84024,40.63619
1006.8788,357.36096,38.619934
1000.2639,365.85025,37.06949
994.95917,376.07693,35.42776
994.9187,385.88583,34.089367
994.26196,389.78787,33.55081
995.70984,395.02167,32.329422
992.01965,402.60696,31.769222
983.71216,412.37363,31.330742
979.50305,416.73938,31.267998
970.10455,423.8538,31.228281
946.0425,432.1463,31.36924
929.8541,435.6407,31.64792
896.07947,443.96732,33.254883
863.759,443.69543,35.031075
845.34393,433.7288,36.89911
836.28204,440.18652,39.529686
823.50806,448.65506,41.94425
828.10034,455.2258,45.213844
832.3329,467.098,48.62942
798.21014,455.28064,47.65675
754.9658,436.2347,50.34601
705.64716,424.36945,51.752144
647.8841,424.48694,54.805943
624.8117,422.1238,56.6057
619.2157,415.7699,59.156338
626.0316,406.3906,63.408012
660.41296,396.60727,64.854485
660.4358,372.46814,33.98489
1033.0118,413.7902,51.66375
990.0377,387.52695,35.790134
1035.22,349.8596,28.420425
953.28015,348.09378,27.796526
942.5834,364.15393,21.756495
931.20703,380.9144,19.239536
926.42554,383.7894,17.94574
919.17773,374.81265,16.103859
890.9374,368.179,15.579983
847.3612,381.25357,16.61761
795.0462,367.0773,17.314812
754.2471,357.13867,18.750847
765.8592,359.43698,19.979202
770.05225,356.85345,21.190134
774.6823,368.40646,21.9349
784.38574,373.26035,22.78629
793.0513,373.95346,23.541855
809.0146,373.25232,22.963915
811.24927,373.45377,22.87517
821.2341,367.37805,22.771362
846.97327,361.93182,21.552197
862.8831,359.87067,20.839178
864.3669,362.07886,20.986032
910.6527,368.6832,21.030573
929.2283,377.40347,21.506504
932.1,379.78873,21.679384
934.19476,379.10675,21.84676
936.988,376.7151,22.32949
935.5365,380.98965,23.149664
927.15906,384.52438,22.576746
905.7344,390.75113,22.592503
899.74304,393.54306,22.97403
902.0731,390.1864,22.386173
891.27954,389.61108,22.959206
884.24774,390.3635,23.543919
882.8119,389.31735,23.621962
883.76556,388.752,23.607965
896.89594,387.4698,23.482435
918.30524,387.38403,23.771984
922.33875,388.2925,23.895145
925.6846,390.74396,24.079287
920.0267,393.456,23.991951
917.77234,393.23993,23.59348
916.74,388.65256,22.947836
918.4535,383.08612,22.338676
919.47424,381.11517,21.880575
924.8535,379.31232,21.646059
925.5622,378.84836,21.299925
923.4575,381.10522,21.198729
924.0852,381.563,20.863348
925.3959,381.90677,20.421202
927.3331,380.99362,19.665579
925.2466,378.99365,18.588043
927.3586,377.83798,17.529755
929.5043,375.75613,16.542019
943.3512,374.3586,15.821842
913.52344,376.09644,13.619064
897.537,367.291,11.795223
890.4509,366.95908,10.195225
886.92694,362.62448,8.824757
912.23065,366.30142,7.118801
917.7378,379.331,6.506542
912.27966,368.6547,4.7691574
894.7283,373.31216,3.0151596
881.35736,355.22662,2.5398598
876.9233,351.5285,2.3133583
878.242,344.19003,0.76486206
879.05725,335.15103,-3.4885483
873.5089,333.65762,-5.3791656
871.1345,337.59158,-7.0114975
912.1281,346.41318,-9.813492
936.1249,339.79062,-11.3724785
925.0902,340.52945,-14.231865
970.1826,315.14856,-15.857758