671.90234,431.34906,59.611748
579.64105,498.73007,45.573204
643.5723,466.7562,40.837635
646.2633,474.8993,36.92984
584.7596,512.0338,40.88398
591.6203,516.3201,41.1131
607.6935,507.08127,36.70115
616.8894,492.42322,29.967436
603.8058,493.23294,29.78282
580.8714,501.75775,28.816273
582.4092,504.26062,28.69901
584.66315,504.61206,28.007013
583.5169,504.62503,27.944448
582.65405,504.7003,27.826345
584.74786,503.17682,27.710045
587.4298,500.42896,27.821371
589.90094,497.1905,27.860933
588.8212,492.8007,27.535648
590.13226,491.90668,27.557705
587.92645,492.5196,28.092548
592.4577,488.43823,28.413094
594.21814,487.10388,28.216017
608.90826,481.6411,27.658136
615.37506,476.21747,27.535055
618.2623,474.11896,27.693401
622.21765,473.8188,27.736149
626.4379,472.5534,27.7447
635.7792,468.33566,27.732096
642.6744,463.57532,27.883165
647.85266,457.81195,28.200253
651.4207,452.66064,28.644697
652.8126,447.87302,29.11343
654.6788,444.50455,29.470627
656.38794,442.4392,29.25425
658.31995,438.30148,29.449766
658.0406,431.8316,30.112354
659.0762,426.82373,30.65417
657.1011,420.9678,31.459768
655.99194,413.44208,32.786728
650.11584,409.51514,34.425884
650.982,405.45032,36.864693
674.48804,401.72476,41.13196
554.11,465.14987,44.873306
536.6073,466.9014,47.132923
526.1429,464.24957,48.29369
509.20892,448.14355,49.02067
522.0845,438.75998,48.28125
514.4458,430.5407,48.658733
501.34418,421.4802,49.266407
499.8141,417.35437,49.937054
502.8223,417.06772,50.164516
506.33444,414.64877,50.260437
505.97546,412.65396,50.701374
508.74396,414.12173,50.447487
511.86978,410.43307,50.402374
513.7864,410.9836,50.809273
516.401,414.10052,50.910294
520.5877,415.141,50.555393
522.5174,414.86084,50.472496
525.483,413.38535,50.126488
528.51044,413.16547,49.679943
537.00604,416.0979,48.32637
565.8453,430.35648,46.890347
582.3928,435.88242,46.420197
593.5712,439.301,46.28637
603.8183,443.38403,46.38681
606.1514,445.06628,46.83404
607.5606,445.7077,46.971283
612.4526,449.10812,46.779835
615.73126,451.68585,46.669235
627.308,464.6914,46.51581
647.8692,474.55157,45.884518
660.242,483.86023,45.7604
676.3884,491.1949,45.28025
685.9702,492.7457,45.27242
752.273,472.65207,41.546425
868.0016,441.8413,47.636925
889.545,427.20343,48.91342
914.2644,413.62897,49.511093
936.99884,416.0828,48.73107
946.3984,425.49484,46.576927
933.4172,411.06995,48.583763
702.26135,501.79102,42.16519
871.81134,421.67654,50.52572
923.2636,390.8443,42.368927
904.8269,518.90424,42.10205
791.4036,430.32245,42.56409
798.28125,463.62662,41.526352
807.848,461.34308,41.163643
801.0298,462.0908,40.474255
802.9104,470.0298,40.246994
827.6449,478.29962,40.625443
864.6989,482.04285,40.79859
909.19055,470.1454,38.676334
960.8367,459.61713,37.048504
1024.5173,446.11514,36.21514
1023.74786,491.26978,27.082266
1174.0054,378.37598,44.87006
1130.6584,365.40842,35.200443
1145.0833,378.7034,32.06104
1182.8031,403.95343,31.654657
1121.9033,422.26797,35.287727
1121.0405,466.29257,35.04968
1175.4219,452.3738,38.312088
1214.045,442.29993,36.603382
1233.7574,469.51343,36.4216
1206.5427,464.15967,33.04593
1174.508,473.76163,33.573772
1073.1451,487.83698,33.56172
1021.6115,486.19672,32.863613
1036.6005,478.27365,31.122704
1124.3445,495.37402,36.00184
1128.5286,487.43738,36.674328
1042.0415,502.2392,37.414486
944.2001,489.71185,39.212563
897.96814,477.32584,41.47315
875.2881,468.0199,43.570847
882.11084,471.4211,44.451797
940.2792,450.7292,47.480644
932.6698,457.0048,52.036903
932.7003,451.40472,55.954994
952.683,449.877,57.482674
955.55347,446.46463,57.333523
938.8787,444.6449,58.043922
911.94556,434.48666,58.72683
881.8417,427.6747,60.043278
863.7571,426.6509,60.884354
870.18445,432.2992,62.33197
863.76404,432.53958,63.539005
846.4937,419.9628,65.202835
829.8298,418.16592,66.99096
817.10565,427.17685,66.66728
815.43005,425.05484,67.022156
816.5986,425.3595,67.11751
822.64417,427.37,67.044365
823.60254,426.9277,66.109344
814.9404,418.39975,64.780525
792.9563,394.42825,67.32184
713.4627,334.24094,60.555862
671.8894,346.974,60.28045
787.64777,355.01382,64.9751
750.97534,338.72794,66.67262
745.3805,327.2839,68.9008
759.9075,317.5183,71.07722
723.95715,307.45172,73.56898
749.9961,294.58786,76.1751
782.7691,337.79364,73.4027
971.1443,323.01233,72.569565
1064.0659,431.90106,64.64108
906.5189,458.28268,60.363735
820.1279,474.09772,53.674866
791.2627,497.00824,50.34859
800.78687,504.41583,50.039143
817.86487,492.8653,49.48027
814.53906,484.09818,49.27118
822.1173,451.49396,46.196884
821.3315,433.93243,44.380333
819.09607,404.28284,42.45816
820.8375,389.842,42.478565
820.1897,388.26526,44.57737
823.6552,387.2795,44.701275
846.9866,392.1891,42.911423
874.1423,397.98547,42.85692
901.0826,402.45062,42.203358
895.3262,405.2393,42.029625
896.21436,397.76938,42.015236
910.14667,401.2336,41.926617
914.95667,403.77557,41.912952
923.04663,411.34363,42.184654
941.3279,422.65524,43.40101
946.5087,436.16116,45.91367
944.79926,444.6058,47.316563
943.1456,447.47375,48.220398
935.0436,444.44708,47.434086
934.8968,416.6946,42.83181
903.9524,388.53937,41.021645
888.26495,382.5024,42.33269
885.5291,382.92432,43.081486
867.3645,388.65283,44.546078
838.9294,394.9411,45.6866
816.5445,403.24176,45.682373
802.0503,417.49338,44.730663
797.56616,434.32513,43.845642
799.05817,452.12488,43.19668
786.0635,468.27222,42.981987
783.6405,484.47095,42.53993
782.4694,495.74817,41.94631
784.846,506.48242,40.943325
795.00757,516.57684,39.654583
809.8409,526.7735,38.42292
822.76434,530.9177,37.77015
840.0289,546.68115,36.987988
862.23157,564.48035,37.27091
882.97705,574.34546,37.5767
904.31537,577.8534,37.1548
961.4874,574.1301,37.57586
970.61035,572.22974,37.208405
967.06726,566.5335,35.803715
966.9103,564.6806,35.186405
960.9199,562.66327,34.33644
968.52655,558.515,33.598103
1022.85034,544.6605,35.24227
1036.8304,547.16693,31.77782
1004.4445,538.24744,28.138062
987.6039,525.4324,26.641386
930.8179,485.47217,25.764362
892.77374,429.09534,25.527147
901.8946,396.08453,27.470358
907.41455,383.66284,30.408125
911.2449,388.93674,30.998438
914.3366,395.25388,30.951094
931.0114,414.03818,31.295465
923.5215,424.13254,34.810894
917.5312,414.1709,35.82839
917.47687,395.2567,37.91401
924.39514,362.35944,40.35658
922.1418,367.53925,41.799862
949.778,380.08093,44.721043
973.77686,387.16437,45.635498
983.4868,344.2884,43.285316
1049.387,320.99655,42.37999
1092.05,320.70477,41.000446
1112.4186,328.64038,39.86413
1118.0668,334.57666,39.191658
1134.0652,339.90536,40.89396
1053.5256,373.8635,51.481674
1037.9366,390.17416,53.223312
1006.666,410.97934,52.196964
1014.27673,414.6537,50.355095
1054.2865,416.4085,38.233936
1004.97595,405.37292,37.383118
984.33154,396.90616,36.977406
980.7554,391.9494,37.203293
1049.8926,390.64236,37.273586
1071.603,383.42505,37.492737
1069.8447,372.9968,37.264133
1086.7876,365.0947,36.936802
1091.9976,364.65543,36.85634
1071.4371,369.77838,36.471172
1033.5979,378.19507,37.34207
1013.8672,381.04037,37.134735
999.7538,380.62894,36.78744
984.5013,381.8084,36.59834
959.74365,385.19922,36.36495
951.6502,385.55612,36.390858
948.22504,385.51028,36.449963
931.9042,383.85547,36.542496
916.39465,379.38995,37.162117
908.0306,379.98578,37.200237
909.3697,381.61658,36.712368
864.26294,378.77167,37.50182
829.90106,383.25342,36.98917
816.05786,388.01453,35.870655
804.80206,383.47293,34.99214
819.9893,365.90244,36.420288
809.27094,357.59158,33.842537
824.44385,339.7486,27.567776
808.23035,284.9376,24.760632
793.70654,270.81476,18.563667
847.14075,290.00613,15.5653305
954.89435,319.80893,15.038612
1045.9119,313.4071,12.410446
1142.9733,259.3848,12.187698
1152.9575,274.19003,11.334808
1116.664,320.7706,15.488586
1082.4058,374.72107,18.772306
991.681,395.68463,24.819431
957.2147,425.4301,35.564873
883.3998,377.08868,34.138638
881.7823,374.50064,32.311203
888.62335,374.28894,31.448608
865.57007,373.43256,32.47959
825.986,378.70126,34.748985
759.5214,398.27194,36.50622
735.17053,406.27216,37.712353
714.6206,418.55615,38.09652
707.42255,430.4818,37.83362
718.215,437.37512,36.74666
723.72626,445.43338,36.33656
732.2285,449.55682,35.93742
745.2045,449.47275,35.510628
793.0838,455.54733,34.470856
805.6139,457.54343,34.54182
814.4147,456.13696,34.81265
794.82367,444.9529,34.19946
750.8574,418.39627,34.592884
742.1493,404.10242,34.881927
737.624,394.03644,35.860897
741.3896,389.61914,36.2569
736.9009,393.1791,35.782444
734.8217,400.1164,35.26734
734.77014,411.82306,34.64692
737.01495,424.7435,33.63595
742.29175,436.53256,32.777943
745.34143,443.22754,32.302315
761.24695,453.45328,31.016903
759.3679,457.19016,30.437582
753.1833,461.09464,29.840958
749.5168,465.4101,29.302162
746.81665,474.0982,28.916191
746.26776,479.51898,28.716085
744.0954,481.45105,28.616978
744.63324,486.56082,28.487879
743.13574,492.40186,28.327236
740.333,492.62305,28.06471
739.3284,491.25302,27.517834
726.5556,481.83154,26.420427
700.4192,467.42215,25.721012
687.716,453.8443,25.400604
694.3051,449.60565,24.254946
710.86304,458.86362,22.330124
717.504,468.6985,20.992943
717.34174,472.52808,20.621836
715.7767,477.37634,20.128641
716.0825,478.95483,19.830843
716.48914,480.44824,19.100538
716.19214,480.8204,18.389801
716.2312,478.77478,17.880268
715.64087,476.12134,17.704304
708.25146,473.2754,17.844013
704.01776,470.95926,17.932201
694.63074,463.88672,17.950478
686.57477,461.88605,17.857536
661.73773,460.02954,18.12658
633.1331,467.32623,19.097153
606.6294,480.14014,21.18874
598.07513,490.90045,22.368687
585.0819,500.90515,23.385897
581.9836,507.25494,23.616835
577.74585,509.23724,23.502422
567.10394,513.79816,23.713388
555.34265,518.57983,24.180962
545.97266,522.61554,24.570185
546.14825,525.6373,24.554379
541.5362,530.6586,24.601042
538.7003,534.29,24.659153
531.68115,543.2648,24.943888
526.4602,549.9414,25.208084
522.71295,554.3783,25.471909
522.9452,558.5555,25.785131
522.1512,561.574,26.125826
520.7826,562.285,26.407906
522.34467,559.7826,27.191021
526.0125,560.4732,28.011072
523.4582,566.02545,29.613749
528.9603,572.82605,31.768488
536.2577,568.00586,32.618996
543.6318,569.96893,32.836243
556.968,570.9846,33.717766
564.13617,569.5989,33.834328
575.5563,569.5526,33.914845
589.9352,568.6917,33.900646
608.3451,569.88446,34.134716
632.5215,569.4463,34.166534
656.07336,562.6673,34.024548
677.55597,551.5867,33.439484
693.36487,538.9774,33.019196
713.52136,525.79205,32.443893
738.3399,510.5103,31.722569
753.0746,488.53326,30.950008
754.2422,460.32275,29.855343
754.59534,444.54526,29.803312
794.9988,414.48398,30.434929
808.5796,413.3844,31.017282
827.68695,414.47736,31.81879
848.9297,412.30637,31.996103
868.0447,411.99356,31.885849
886.0304,409.60156,32.69877
900.60754,404.7349,34.193146
918.2823,396.96674,36.11254
930.6904,392.13428,38.25701
935.1854,386.3523,39.906174
937.74,379.3528,41.234768
934.21155,371.2693,41.432434
920.2307,359.34344,41.09271
920.0277,358.13443,41.459312
914.44495,353.53046,42.192734
910.76404,354.80075,42.495514
919.9331,358.57495,43.059753
927.28174,361.3523,43.921425
926.1533,363.35135,44.56094
926.47375,370.7128,45.32715
918.4156,375.72314,45.789
899.60474,377.14328,46.20943
878.94135,379.163,47.24268
873.83203,379.7033,47.45667
872.92773,380.2056,47.16186
870.16626,381.30188,47.073017
864.9436,382.94077,47.391525
863.1472,384.75815,47.433052
860.54346,386.1039,47.372765
854.9981,387.0615,47.672592
847.4381,385.5723,47.940434
843.7355,385.01373,48.15497
837.26483,386.3315,48.531002
826.40967,387.20642,48.884453
821.2292,387.52087,49.09292
814.5373,387.59787,49.544403
807.58344,388.33948,50.292828
794.92645,386.96613,51.218506
783.60657,387.54846,51.983704
773.918,390.82812,52.766354
760.31116,392.0472,53.496574
745.2548,390.6474,54.241318
731.9486,389.94135,54.85779
722.1048,392.22244,55.386375
717.9137,398.37817,55.243057
717.1804,410.92145,54.673046
721.08966,423.01843,53.95699
722.2738,425.66312,53.399895
725.6271,430.4217,51.907543
724.4923,433.90012,50.588024
711.32794,433.77054,49.086346
705.7366,430.98807,48.13185
705.644,429.642,47.376072
705.6322,434.43106,46.793743
708.26733,442.79492,46.24795
705.10815,451.82117,46.12864
695.95087,457.79245,46.377617
683.2603,465.22458,47.034367
677.92426,479.64038,47.830082
690.217,491.62982,48.171974
711.4493,507.44452,49.17574
716.8849,513.5451,50.51842
719.8076,516.7908,51.520103
724.1662,514.33276,51.957844
730.17,509.53882,51.863785
738.4087,502.30954,51.67164
731.3543,494.6571,52.171738
726.87494,490.73425,52.51588
723.7886,488.02673,52.74783
720.9333,486.8786,52.95179
718.7555,484.46533,52.918793
723.9157,482.64447,52.82837
728.4074,481.70007,52.93197
740.16766,479.04968,53.287453
765.52716,475.64673,53.51436
788.78094,471.86847,53.72004
808.07275,470.14566,54.148212
827.3949,465.54492,54.46927
844.8157,459.8339,54.557076
837.17523,455.09344,53.877056
811.3395,453.4501,53.385075
800.5688,443.31985,52.504112
809.7617,429.28995,51.048084
802.37286,408.53735,49.422836
807.802,395.0987,49.420727
780.00525,388.6281,49.055332
755.411,393.52466,48.490192
728.3895,397.83853,47.475647
724.67487,417.88763,46.66584
725.6549,427.30878,46.488293
716.62585,431.88025,45.13725
716.80444,439.082,44.724636
718.6503,448.99252,44.59525
719.6764,451.84567,44.458187
722.63055,454.04373,43.70576
739.5931,464.5008,42.949924
748.94476,470.23383,43.174168
759.0741,485.33423,44.388027
763.3907,495.1635,45.710438
754.85175,497.28754,47.073658
732.6856,496.9165,48.093254
728.1365,503.40353,49.47644
732.2918,505.30258,51.021076
770.22864,503.45074,52.720917
802.9054,497.27295,55.999947
799.0688,490.122,61.26994
804.81024,489.8952,61.80342
807.78503,497.28864,62.399223
806.18445,505.1103,63.767105
838.23303,506.72766,65.59524
836.35455,506.79987,67.57114
795.3064,512.2562,69.293594
578.77234,285.63162,48.941353
957.75146,425.003,24.579018
936.9064,412.6266,20.877493
983.04626,448.8138,23.25901
1008.1472,459.45407,26.042574
988.6428,483.62582,23.981043
890.0556,480.7295,22.627413
845.6275,483.96945,24.31142
754.3805,470.31012,32.625397
750.7088,467.5052,34.84521
761.7892,465.35907,34.290558
756.10175,466.17175,34.763275
754.21906,464.23907,34.978043
754.736,462.57507,35.111973
757.2964,461.21796,35.662155
766.5148,464.05273,35.676476
776.9212,465.49832,36.30907
787.95905,465.2652,36.354797
805.0638,461.52905,35.80552
814.29865,453.66092,34.594948
809.39014,448.56125,33.969627
807.5037,448.19498,34.423832
809.3419,445.9953,34.873363
807.4243,442.75208,34.760883
807.44476,440.87177,34.445435
804.74884,442.49368,34.4424
802.684,442.8979,34.553776
798.5594,443.62445,35.25058
797.02997,441.48093,35.50489
798.48035,437.92535,36.074627
795.82886,438.7852,36.429806
797.71027,438.79407,36.811634
800.1433,438.7164,37.205784
799.1986,439.28827,37.106422
806.64014,438.8766,37.429607
801.98914,440.63193,37.999935
796.98425,443.24615,38.41935
794.46484,444.03296,38.62436
790.4439,445.03052,39.63453
789.0289,445.01144,40.851547
787.28516,444.24203,40.973328
783.90015,443.0629,40.961136
781.4807,441.82117,40.65852
776.3208,440.7093,40.172234
770.4996,440.37427,39.694283
764.2876,441.76773,39.367916
758.62506,444.0476,39.174088
752.9728,444.68085,38.983784
747.6295,442.39215,38.339893
747.9118,438.99463,37.340527
756.4257,438.0356,36.661434
762.3524,438.92416,36.336998
776.68115,442.2481,36.154476
784.58826,445.5689,35.48305
790.53345,446.75626,34.6651
792.2677,446.14316,33.44754
797.7202,443.49365,32.400307
820.1776,447.3143,29.231812
836.1775,447.93192,27.202185
845.6198,449.62598,25.248657
855.75433,449.33783,23.823122
850.3025,442.5956,24.808693
858.29193,439.14276,24.025127
852.72955,436.36795,21.632252
850.8574,431.51093,18.223461
842.4652,424.1771,15.539993
838.42584,421.00406,14.244522
832.8744,414.29477,11.083992
843.9994,409.39218,8.349289
854.98096,402.224,6.9494553
857.0386,396.34634,5.047146
868.43884,394.2695,3.2682953
865.0564,391.10135,1.0609932
861.06757,388.37897,-0.5990906
898.5299,390.52612,-2.8589134
936.7756,396.03485,-7.4029846
956.0303,398.0622,-6.2719994
959.651